1a
20,20
1111151515151515151515151515101010101010
1111111515151515151515151515101010101010
1411111113131313131313131313101010101010
1414111111131313131313131313101010101010
1414131111111327131313131313271010101010
1412131311111113131313131313101010101010
1412121313111111131313131313101010101010
1412121213241111111313131313101010101010
1412121212311411111113131313101010101010
1212121212121212111111121212121212121212
1212121212121212111111121212121212121212
1412121212311411111113131313101010101010
1412121213241111111313131313101010101010
1412121313111111131313131313101010101010
1412131311111113131313131313101010101010
1414131111111327131313131313271010101010
1414111111131313131313131313101010101010
1411111113131313131313131313101010101010
1111111515151515151515151515101010101010
1111151515151515151515151515101010101010
