1a
20,20
1414151515151010101212121313131414141515
1415151515101010121212131313141414151515
1515151510101012121213131314141415151510
1515151010101212121313131414141515151010
1515101010121212131313141414151515101011
1510101012121213131314141415151510101111
1010101212121313131414141515151010111112
1010121212131313141414151515101011111212
1012121213131314141415151510101111121213
1212121313131414141515151010111112121313
1212131313141414151515101011111212131314
1213131314141415151510101111121213131414
1313131414141515151010111112121313141415
1313141414151515101011111212131314141515
1314141415151510101111121213131414151510
1414141515151010111112121313141415151011
1414151515101011111212131314141515101112
1415151510101111121213131414151510111213
1515151010111112121313141415151011121314
1515101011111212131314141515101112131415
