1a
20,20
1010101010101010101111111010101010101010
1010101010101011111111111111101010101010
1010101010111111111111111111111110101010
1010101011111111111111111111111111101010
1010101111111111111111111111111111111010
1010111111131311111111111124151515111110
1011111113151311111111111115151515111110
1011111315151311111111111115151515111111
1111131515151311111111111111111111111111
1111131515151311113411111111111111111111
1111131515151311113434111111111111111111
1111131515151311111111111111111111111111
1011111315151311111111111123151515111111
1011111113151311111111111115151515111110
1010111111131311111111111115151515111110
1010101111111111111111111111111111111010
1010101011111111111111111111111111101010
1010101010111111111111111111111110101010
1010101010101011111111111111101010101010
1010101010101010101111111010101010101010
