1a
20,20
1111111111111115151515151511111111111111
1110101010101014141414141410101010101011
1110101010101014141414141410101010101011
1110101010101014141414141410101010101011
1110101010101014141414141410101010101011
1110101010101014141414141410101010101011
1110101010101014141414141410101010101011
1212121212121213131313131312121212121212
1212121212121213131313131312121212121212
1212121212121213131313131312121212121212
1212121212121213131313131312121212121212
1212121212121213131313131312121212121212
1212121212121213131313131312121212121212
1011111111111114141414141411111111111110
1011111111111114141414141411111111111110
1011111111111114141414141411111111111110
1011111111111114141414141411111111111110
1011111111111114141414141411111111111110
1011111111111114141414141411111111111110
1010101010101015151515151510101010101010
