1a
20,20
1233333333333333333333333333333333333311
3333333333333333333333333333333333333333
3333333333333333333333333333333333333333
3333333333333333333333333333333333333333
3333333333333333333333333333333333333333
3333333333333333333333333333333333333333
3333333333333333333333333333333333333333
3333333333333333333333333333333333333333
3333333333333333333333333333333333333333
3333333333333333331515333333333333333333
3333333333333333331414333333333333333333
3333333333333333333333333333333333333333
3333333333333333333333333333333333333333
3333333333333333333333333333333333333333
3333333333333333333333333333333333333333
3333333333333333333333333333333333333333
3333333333333333333333333333333333333333
3333333333333333333333333333333333333333
3333333333333333333333333333333333333333
1333333333333333333333333333333333333310
