1a
20,20
1215151515151515151212121212101010111111
1215151515151515151212121212101010111111
1215151515151515151212121212101010111111
1215151515151515151212121212101010111111
1210101313131313141414131414141414111111
1210101313131313141414131414141414131310
1210101313131313141414131414141414131310
1210101313131313141414131414141414131310
1210101313131313141414131414141414131310
1515151313131313141414131414141414131310
3415151111111111112911111414141414131312
1515151111111111111411111414141414151515
1210101111111111111411111512121212121212
1210101111111111111411111313131313131010
1210101111111111111411111313131313131010
1210101111111111111411111313131313131010
1210101515151515151515151313131313131010
1210101515151515151515151313131313131010
1210101515151515151515151313131313131010
1210101515151515151515151313131313131010
