1a
20,20
1010101010101010101010121010121210101010
1412141010101010101010101210121212101010
1412141510101010101010121012122212121010
1412141510101010101010101210121212121210
1412141510101010101010101210121212121210
1412141510101010101010121012122212121010
1412141512121010101010101210121212101010
1412141313131310222210121010121210101010
1412141512121010101010101010101010101010
1412141510101010101010101111111010101010
1412141510101010101010101010111110101010
1412141510101010101010101111111111101110
1412141510101010101010111011112211111010
1412141010101010101010111011111111101010
1010101010101010101010101011111111101010
1010101010101010101010111011111111101010
1010101010101010101010111011112211111010
1010101010101010101010101111111111101110
1010101010101010101010101010111110101010
1010101010101010101010101111111010101010
