1a
20,20
1210101010101010101010141010141410101010
1212101010101010101010141010141414101010
1212101010101010101010101410141414101010
1212121010101010101034101014141414141010
1010121010101010101010101010141415141010
1012121210101010101010101010141414141010
1210121210101010101010101014131414141010
1212121212101010101010101014131414141410
1212121212111111111111111114131414151410
1010121212131313131313131314131514141410
1010121212131313131313131314131514141410
1010121212111111111111111114131414151410
1010121212101010101010101014131414141410
1012121210101010101010101014131414141010
1212121210101010101010101010141414141010
1212121010101010101010101010141415141010
1012121010101010241010101014141414141010
1012101010101010101010101410141414101010
1212101010101010101010141010141414101010
1210101010101010101010141010141410101010
